function p = pc()
Ia=[0.379990,0.376754,0.380806,0.382711,0.385137,0.385057,0.388376,0.387145,0.388747,0.392573,0.392044,0.392756,0.394322,0.393195,0.398465,0.396245,0.399671,0.401781,0.402479,0.406038,0.405574,0.410179,0.409159,0.411577,0.414806,0.413145,0.414093,0.414908,0.417283,0.416391,0.419424,0.424040,0.422273,0.423484,0.426143,0.426773,0.430222,0.432218,0.429528,0.433589,0.436059,0.434316,0.437673,0.438136,0.438933,0.445142,0.444694,0.444636,0.447166,0.448011,0.449693,0.453334,0.453495,0.452816,0.454001,0.455467,0.457348,0.458568,0.463346,0.462202,0.464850,0.466169,0.468380,0.466875,0.468829,0.470702,0.476216,0.474249,0.477790,0.478946,0.480102,0.481339,0.483991,0.483302,0.488384,0.488205,0.492804,0.494078,0.491411,0.491202,0.495621,0.497202,0.496529,0.502426,0.502773,0.502302,0.504633,0.506710,0.507985,0.510319,0.511715,0.513216,0.514910,0.516217,0.512736,0.516536,0.520297,0.521637,0.524300,0.525221,0.524878,0.529938,0.530914,0.532283,0.534457,0.536298,0.535961,0.535228,0.539703,0.542559,0.543300,0.544657,0.546793,0.547381,0.548222,0.551295,0.550240,0.554539,0.558459,0.558664,0.560395,0.561564,0.565326,0.563334,0.566823,0.568399,0.571535,0.572675,0.573300,0.571910,0.579950,0.578310,0.578374,0.582971,0.583405,0.585284,0.588836,0.589048,0.586486,0.590346,0.593447,0.593656,0.597513,0.598063,0.600117,0.598428,0.602474,0.606318,0.607626,0.607544,0.609548,0.610914,0.613202,0.612961,0.615730,0.617754,0.618657,0.623504,0.627051,0.625384,0.625983,0.630182,0.630390,0.629389,0.632368,0.634618,0.637570,0.636018,0.640631,0.641784,0.642967,0.642729,0.645768,0.646550,0.648236,0.652439,0.651141,0.653271,0.658539,0.657939,0.658172,0.658484,0.662441,0.664899,0.666999,0.666302,0.670547,0.672814,0.672666,0.672061,0.674485,0.678221,0.677968,0.679202,0.683163,0.686183,0.686689,0.685284,0.690055,0.690262,0.693996,0.695340,0.693315,0.697628,0.698477,0.700369,0.701333,0.706083,0.706501,0.704015,0.710332,0.711404,0.715020,0.714134,0.713992,0.719240,0.718147,0.719676,0.721065,0.724507,0.726753,0.726039,0.728769,0.728826,0.732401,0.732349,0.732665,0.736220,0.736452,0.738561,0.741324,0.741226,0.743135,0.747689,0.748888,0.747141,0.751464,0.748975,0.754872,0.755878,0.757477,0.760438,0.760114,0.760822,0.763117,0.762836,0.765455,0.768292,0.770070,0.769526,0.772400,0.773032,0.775170,0.778190,0.779488,0.779069,0.782315,0.783739,0.785991,0.787259,0.787990,0.788684,0.791224,0.793002,0.794871,0.795405,0.796493,0.798973,0.799944,0.801153,0.803953,0.802909,0.804623,0.805517,0.807847,0.810162,0.810841,0.811970,0.815120,0.815464,0.816309,0.819198,0.820056,0.819454,0.823631,0.822132,0.825694,0.827689,0.827460,0.830910,0.828298,0.831757,0.833162,0.834082,0.836172,0.838635,0.838235,0.840556,0.840647,0.842679,0.845325,0.846123,0.847227,0.846774,0.847191,0.849154,0.851448,0.852963,0.853635,0.855673,0.856932,0.858103,0.860406,0.859079,0.860134,0.861896,0.863301,0.865952,0.864251,0.865682,0.867458,0.870278,0.870935,0.875111,0.875083,0.874978,0.876855,0.876664,0.877209,0.880102,0.881320,0.882975,0.883856,0.882499,0.883893,0.885946,0.888488,0.889558,0.888521,0.893497,0.891700,0.892219,0.892436,0.895623,0.896431,0.899020,0.899264,0.900074,0.899745,0.900826,0.902294,0.903593,0.903740,0.904681,0.905001,0.906728,0.909110,0.909979,0.909976,0.909600,0.912080,0.913522,0.913955,0.914264,0.915776,0.916571,0.917520,0.920603,0.918214,0.921397,0.920716,0.922086,0.923595,0.924804,0.924012,0.924778,0.926819,0.927401,0.929216,0.928993,0.929588,0.932426,0.931797,0.932690,0.933166,0.934810,0.934736,0.935387,0.935813,0.938632,0.938553,0.938426,0.939072,0.940229,0.941275,0.942254,0.943080,0.942882,0.944764,0.946401,0.946575,0.945581,0.946911,0.948902,0.948885,0.949485,0.949525,0.950121,0.951208,0.952663,0.953092,0.954183,0.953415,0.954953,0.956015,0.955456,0.956201,0.956446,0.957462,0.957738,0.958915,0.960655,0.960058,0.959690,0.961148,0.961306,0.962591,0.962326,0.963765,0.963885,0.964032,0.965398,0.964836,0.965859,0.967716,0.967413,0.968127,0.967842,0.969104,0.968943,0.969622,0.970345,0.970087,0.971274,0.971374,0.972316,0.972057,0.973390,0.972666,0.974137,0.973901,0.974385,0.975549,0.976290,0.975395,0.976497,0.977115,0.977059,0.977271,0.977593,0.978050,0.978366,0.979092,0.978972,0.979999,0.979614,0.980742,0.980566,0.981578,0.981312,0.982409,0.982536,0.982836,0.982865,0.982582,0.983574,0.983880,0.983451,0.984926,0.984329,0.984662,0.985078,0.984999,0.986105,0.986297,0.986214,0.986589,0.986619,0.986766,0.986859,0.987484,0.987483,0.988338,0.988543,0.988086,0.988873,0.988929,0.989200,0.989461,0.989877,];
